id=0 start=(-100000.,0.) heading=0. speed=300. goal=(100000.,0.)
id=1 start=(49999.9999999999782,-86602.5403784438677) heading=120. speed=300. goal=(-49999.9999999999782,86602.5403784438677)
